"2007-08-25-12:00" 6 270 1 994.7 62 26.5
"2007-08-26-12:00" 6 260 4 989.1 48 25
"2007-08-27-12:00" 6 230 3 987.1 81 17.1
"2007-08-28-12:00" 4 250 2 992.4 36 19.9
"2007-08-29-12:00" 4 260 3 988.3 32 18.7
"2007-08-30-12:00" 3 260 2 989.1 40 17.4
"2007-08-31-12:00" 5 250 2 987 40 17.7
"2007-09-01-12:00" 6 190 1 991.8 63 13.4
"2007-09-02-12:00" 5 300 3 991.8 58 13.7
"2007-09-03-12:00" 0 210 2 996.6 44 18
"2007-09-04-12:00" 10 240 1 993.4 53 21
"2007-09-05-12:00" 6 300 3 997.3 49 21.5
"2007-09-06-12:00" 5 300 1 1003.1 57 18.3
"2007-09-07-12:00" 5 200 3 987.5 41 24.7
"2007-09-08-12:00" 6 30 2 988.7 88 8.6
"2007-09-09-12:00" 10 90 6 983.9 79 10.8
"2007-09-10-12:00" 6 250 3 980.5 83 11.2
"2007-09-11-12:00" 9 300 3 990.8 70 8.9
"2007-09-12-12:00" 6 270 3 999.3 50 12.5
"2007-09-13-12:00" 4 150 3 993.9 38 17.8
"2007-09-14-12:00" 10 100 3 984.6 96 10.4
"2007-09-15-12:00" 10 340 2 978 98 8.9
"2007-09-16-12:00" 3 130 1 982.4 56 14.8
"2007-09-17-12:00" 10 50 2 981.2 97 10.9
"2007-09-18-12:00" 5 320 1 996.2 85 13.5
"2007-09-19-12:00" 3 130 2 997.6 60 17.3
"2007-09-20-12:00" 5 150 2 997.4 84 15.1
"2007-09-21-12:00" 3 330 1 1007.9 62 13.1
"2007-09-22-12:00" 0 110 1 1009.4 53 15.3
"2007-09-23-12:00" 3 0 0 1004.6 60 20
"2007-09-24-12:00" 4 250 1 1006.2 49 19.1
"2007-09-25-12:00" 3 320 1 1009.8 53 16.5
"2007-09-26-12:00" 0 110 2 1011.4 55 18.1
"2007-09-27-12:00" 0 170 2 1011.5 40 22.5
"2007-09-28-12:00" 0 230 2 1010.3 52 20.1
"2007-09-29-12:00" 3 10 1 1013.3 62 17.6
"2007-09-30-12:00" 3 340 2 1012.7 58 15.8
"2007-10-01-12:00" 0 50 1 1012.2 52 15.6
"2007-10-02-12:00" 5 160 1 1011.3 60 16.8
"2007-10-03-12:00" 5 170 3 1011.4 50 16.9
"2007-10-04-12:00" 0 140 4 1011.3 43 17.1
"2007-10-05-12:00" 0 150 5 1008.9 45 13.1
"2007-10-06-12:00" 5 140 4 1008.1 37 14.3
"2007-10-07-12:00" 0 140 4 1006 32 18.7
"2007-10-08-12:00" 3 130 6 997.7 32 15.8
"2007-10-09-12:00" 10 170 3 991 89 8.8
"2007-10-10-12:00" 9 240 4 995.7 74 9.4
"2007-10-11-12:00" 8 200 2 990.9 63 7.6
"2007-10-12-12:00" 10 200 2 996.5 78 3
"2007-10-13-12:00" 10 140 1 990.1 95 4.5
"2007-10-14-12:00" 10 70 3 992.7 99 3.9
"2007-10-15-12:00" 10 20 1 987.8 97 4.2
"2007-10-16-12:00" 9 310 3 988.8 85 1.5
"2007-10-17-12:00" 10 260 2 997 89 4.8
"2007-10-18-12:00" 10 220 1 993.7 91 9.4
"2007-10-19-12:00" 0 200 2 995.8 68 12.5
"2007-10-20-12:00" 10 70 1 1005.5 93 9.8
"2007-10-21-12:00" 3 140 2 1007.2 72 13
"2007-10-22-12:00" 0 80 2 1012.6 100 8.9
"2007-10-23-12:00" 10 80 1 1018.1 94 7.1
"2007-10-24-12:00" 3 90 1 1018.7 75 6.5
"2007-10-25-12:00" 0 100 1 1017.6 93 3.9
"2007-10-26-12:00" 10 260 1 1017.8 98 1.2
"2007-10-27-12:00" 10 270 2 1019.4 91 2.9
"2007-10-28-12:00" 0 240 2 1017.3 78 4.3
"2007-10-29-12:00" 0 90 1 1014.5 68 6.8
"2007-10-30-12:00" 0 140 1 1013.4 97 -0.7
"2007-10-31-12:00" 3 110 2 1011.4 87 2
"2007-11-01-12:00" 4 190 1 1001.6 56 8.6
"2007-11-02-12:00" 10 230 2 978.6 93 4
"2007-11-03-12:00" 4 330 3 979.1 89 1.6
"2007-11-04-12:00" 6 20 1 983.4 85 0.7
"2007-11-05-12:00" 10 270 1 995.4 93 -2.2
"2007-11-06-12:00" 8 350 2 1001.8 59 -4.6
"2007-11-07-12:00" 5 220 2 1004.3 59 -4.3
"2007-11-08-12:00" 3 190 2 1004.8 64 -4.4
"2007-11-09-12:00" 6 130 4 1001.8 89 -5.2
"2007-11-10-12:00" 8 150 2 999.7 78 -3.7
"2007-11-11-12:00" 8 110 5 998 83 -3.6
"2007-11-12-12:00" 9 90 4 997.8 66 -4.6
"2007-11-13-12:00" 10 80 5 994.4 75 -5.3
"2007-11-14-12:00" 8 180 3 993.8 70 -0.7
"2007-11-15-12:00" 10 180 3 996.6 87 -0.2
"2007-11-16-12:00" 10 200 3 997.4 85 -2.3
"2007-11-17-12:00" 10 250 3 988.2 86 -4.9
"2007-11-18-12:00" 8 280 3 990.5 70 -9.1
"2007-11-19-12:00" 5 270 2 996.2 76 -9.9
"2007-11-20-12:00" 8 310 4 983.2 74 -2.3
"2007-11-21-12:00" 10 340 2 999 78 -6.6
"2007-11-22-12:00" 5 250 2 1007.6 70 -5.2
"2007-11-23-12:00" 0 230 2 1005.2 48 -1.4
"2007-11-24-12:00" 10 220 3 1000.2 82 -2.7
"2007-11-25-12:00" 10 160 3 992.8 98 -0.5
"2007-11-26-12:00" 10 170 3 990.8 94 1.8
"2007-11-27-12:00" 10 140 6 976.8 96 0
"2007-11-28-12:00" 9 170 1 974.9 80 -0.4
"2007-11-29-12:00" 8 200 2 978.8 86 -3.5
"2007-11-30-12:00" 10 130 2 979 89 -4.4
