"2007-05-25-12:00" 3 260 3 996.7 44 20.9
"2007-05-26-12:00" 4 250 3 996.5 37 26
"2007-05-27-12:00" 1 190 2 996.3 34 30.5
"2007-05-28-12:00" 3 200 3 997.8 42 30.8
"2007-05-29-12:00" 0 150 2 996.9 33 30.9
"2007-05-30-12:00" 0 180 3 995.1 39 32.1
"2007-05-31-12:00" 0 280 4 994.4 43 31.2
"2007-06-01-12:00" 4 30 3 1000 63 11.7
"2007-06-02-12:00" 0 340 2 1006.9 42 13.6
"2007-06-03-12:00" 0 350 3 1005.5 39 16
"2007-06-04-12:00" 5 340 5 997 46 18.8
"2007-06-05-12:00" 3 350 3 1000.1 33 15.4
"2007-06-06-12:00" 1 300 1 1001.2 39 18.5
"2007-06-07-12:00" 3 340 2 993.5 49 17.5
"2007-06-08-12:00" 8 330 2 991.9 69 14.2
"2007-06-09-12:00" 5 320 4 995.8 57 11.1
"2007-06-10-12:00" 8 10 1 992.5 49 12.6
"2007-06-11-12:00" 5 320 2 993.4 46 14
"2007-06-12-12:00" 3 210 2 991.7 39 17.6
"2007-06-13-12:00" 8 240 3 990.7 44 22.9
"2007-06-14-12:00" 3 220 2 991.3 39 27.4
"2007-06-15-12:00" 4 240 3 988.1 46 28.4
"2007-06-16-12:00" 8 330 3 993.6 38 19.9
"2007-06-17-12:00" 10 100 2 991.7 80 14.9
"2007-06-18-12:00" 3 180 1 984.3 71 23.2
"2007-06-19-12:00" 5 190 2 985.7 59 24.1
"2007-06-20-12:00" 3 310 3 986.3 49 22.4
"2007-06-21-12:00" 3 350 3 990.1 54 17.6
"2007-06-22-12:00" 6 310 4 986.7 45 18.1
"2007-06-23-12:00" 10 300 3 986.8 50 14.5
"2007-06-24-12:00" 8 320 4 983.9 39 19.9
"2007-06-25-12:00" 4 270 2 980.1 32 21.8
"2007-06-26-12:00" 6 170 1 982.7 41 23
"2007-06-27-12:00" 3 180 3 983.8 39 25.7
"2007-06-28-12:00" 4 230 2 985 37 25.4
"2007-06-29-12:00" 3 0 0 990.1 41 26
"2007-06-30-12:00" 8 300 2 991.9 81 18.8
"2007-07-01-12:00" 8 300 1 992.4 91 18.4
"2007-07-02-12:00" 3 180 2 993.6 42 24.4
"2007-07-03-12:00" 6 240 2 988.9 60 22.6
"2007-07-04-12:00" 4 270 3 986.5 62 20.8
"2007-07-05-12:00" 3 300 1 985.2 53 24.4
"2007-07-06-12:00" 0 160 4 982.1 44 29.1
"2007-07-07-12:00" 8 160 2 984.2 55 26.1
"2007-07-08-12:00" 5 160 1 983.7 85 20.4
"2007-07-09-12:00" 4 240 2 979.2 58 21.6
"2007-07-10-12:00" 5 150 1 979.5 91 17.8
"2007-07-11-12:00" 8 270 2 988 74 20.8
"2007-07-12-12:00" 3 320 1 993.6 51 26.7
"2007-07-13-12:00" 4 100 1 992.9 46 28
"2007-07-14-12:00" 4 240 3 989.6 63 25.1
"2007-07-15-12:00" 4 240 1 994.7 70 20.3
"2007-07-16-12:00" 5 0 0 989.3 54 23.2
"2007-07-17-12:00" 5 300 3 986.8 70 19.7
"2007-07-18-12:00" 3 340 6 990.1 46 22
"2007-07-19-12:00" 6 270 4 988.3 38 27.4
"2007-07-20-12:00" 5 300 3 988.9 50 20.9
"2007-07-21-12:00" 5 270 4 989.4 48 20.4
"2007-07-22-12:00" 3 300 5 991.6 41 17.6
"2007-07-23-12:00" 8 340 3 992.9 42 21.2
"2007-07-24-12:00" 6 340 1 995.4 38 21
"2007-07-25-12:00" 4 140 2 992 40 23.1
"2007-07-26-12:00" 6 160 3 982.6 67 21.9
"2007-07-27-12:00" 4 250 3 981.3 84 19.6
"2007-07-28-12:00" 5 280 3 988.7 60 23.3
"2007-07-29-12:00" 5 300 1 990.5 59 25.1
"2007-07-30-12:00" 4 60 1 991.6 67 23.4
"2007-07-31-12:00" 8 180 2 993.2 45 28.4
"2007-08-01-12:00" 6 210 1 996 60 25.7
"2007-08-02-12:00" 3 80 1 997.7 75 23.7
"2007-08-03-12:00" 0 100 3 994.3 45 29.1
"2007-08-04-12:00" 5 130 2 994.1 86 21.4
"2007-08-05-12:00" 8 220 1 992.5 59 26.1
"2007-08-06-12:00" 1 70 1 993.6 36 30.2
"2007-08-07-12:00" 1 40 3 996.1 49 28.8
"2007-08-08-12:00" 3 20 4 1002.6 37 22.5
"2007-08-09-12:00" 0 340 2 1006.1 39 21.1
"2007-08-10-12:00" 0 270 2 1004.7 39 25.7
"2007-08-11-12:00" 0 270 3 1000 37 27.9
"2007-08-12-12:00" 3 0 0 999.4 41 26.7
"2007-08-13-12:00" 3 140 1 997.5 41 28.7
"2007-08-14-12:00" 4 90 2 995.6 35 30.6
"2007-08-15-12:00" 3 230 2 995.3 26 32.5
"2007-08-16-12:00" 3 170 2 997.3 25 33.1
"2007-08-17-12:00" 5 180 2 999.7 25 33
"2007-08-18-12:00" 4 180 2 997.8 28 32.8
"2007-08-19-12:00" 0 340 2 1000.1 61 25
"2007-08-20-12:00" 10 10 1 1004.2 61 26.4
"2007-08-21-12:00" 3 50 1 1005.2 51 30.2
"2007-08-22-12:00" 1 230 2 1003 28 32.9
"2007-08-23-12:00" 4 340 2 1000.5 30 32.3
"2007-08-24-12:00" 4 200 1 1000.6 39 30.9
"2007-08-25-12:00" 6 270 1 994.7 62 26.5
"2007-08-26-12:00" 6 260 4 989.1 48 25
"2007-08-27-12:00" 6 230 3 987.1 81 17.1
"2007-08-28-12:00" 4 250 2 992.4 36 19.9
"2007-08-29-12:00" 4 260 3 988.3 32 18.7
"2007-08-30-12:00" 3 260 2 989.1 40 17.4
"2007-08-31-12:00" 5 250 2 987 40 17.7
