"2007-11-24-12:00" 10 220 3 1000.2 82 -2.7
"2007-11-25-12:00" 10 160 3 992.8 98 -0.5
"2007-11-26-12:00" 10 170 3 990.8 94 1.8
"2007-11-27-12:00" 10 140 6 976.8 96 0
"2007-11-28-12:00" 9 170 1 974.9 80 -0.4
"2007-11-29-12:00" 8 200 2 978.8 86 -3.5
"2007-11-30-12:00" 10 130 2 979 89 -4.4
"2007-12-01-12:00" 10 320 2 988.1 83 -7.2
"2007-12-02-12:00" 10 250 1 1002.2 75 -8.5
"2007-12-03-12:00" 5 130 4 997.3 73 -11.4
"2007-12-04-12:00" 10 160 3 995.5 93 -1.4
"2007-12-05-12:00" 10 0 0 1001.2 93 -4
"2007-12-06-12:00" 10 240 1 1007.5 96 0
"2007-12-07-12:00" 10 160 2 1002.5 94 -5.4
"2007-12-08-12:00" 10 120 2 1001.9 90 -6.8
"2007-12-09-12:00" 10 160 1 1003.1 94 -5.8
"2007-12-10-12:00" 8 130 3 1007.17177284138 90 -4.3
"2007-12-11-12:00" 10 120 2 1010.8 92 -7.1
"2007-12-12-12:00" 10 140 2 1003.1 89 -4.7
"2007-12-13-12:00" 8 90 2 1004 86 -5.5
"2007-12-14-12:00" 0 110 1 1013.7 83 -11.6
"2007-12-15-12:00" 10 270 2 1005.1 88 -8.2
"2007-12-16-12:00" 10 10 2 1006.4 93 -3.4
"2007-12-17-12:00" 10 240 2 1004.6 87 -3.4
"2007-12-18-12:00" 10 270 3 992.5 90 -2.1
"2007-12-19-12:00" 9 320 5 992.4 69 -2.5
"2007-12-20-12:00" 10 270 2 970.7 95 -0.2
"2007-12-21-12:00" 6 320 5 983 73 -3.4
"2007-12-22-12:00" 8 290 4 978.3 77 1.1
"2007-12-23-12:00" 0 250 2 1005 56 -14.6
"2007-12-24-12:00" 5 0 0 1009.6 84 -10.5
"2007-12-25-12:00" 10 240 2 1012 84 -2.9
"2007-12-26-12:00" 3 240 2 1016.4 80 -5.8
"2007-12-27-12:00" 0 170 1 1018.2 52 -7.6
"2007-12-28-12:00" 8 200 2 1015.6 78 -10.7
"2007-12-29-12:00" 9 160 4 1010.1 78 -6.8
"2007-12-30-12:00" 8 200 2 1009.1 86 -4.9
"2007-12-31-12:00" 4 220 2 1017 72 -13.9
"2008-01-01-12:00" 0 270 1 1020.9 84 -15.3
"2008-01-02-12:00" 0 50 4 1029.5 55 -8.9
"2008-01-03-12:00" 0 0 0 1036.8 72 -16.4
"2008-01-04-12:00" 0 320 2 1028 84 -17
"2008-01-05-12:00" 3 0 0 1027.3 83 -18.7
"2008-01-06-12:00" 3 0 0 1025 83 -18.7
"2008-01-07-12:00" 0 0 0 1020.8 78 -17.4
"2008-01-08-12:00" 3 160 1 1016.9 78 -18.4
"2008-01-09-12:00" 3 0 0 1012.9 83 -20.2
"2008-01-10-12:00" 0 130 1 1011.4 78 -20
"2008-01-11-12:00" 10 130 2 1007.8 72 -13.7
"2008-01-12-12:00" 10 190 2 1001 84 -6.7
"2008-01-13-12:00" 10 230 2 999.2 90 -2.9
"2008-01-14-12:00" 9 270 4 995.6 77 1.3
"2008-01-15-12:00" 9 250 3 1001.4 86 0.8
"2008-01-16-12:00" 10 220 2 1006.3 93 -6.2
"2008-01-17-12:00" 3 270 3 1012 83 -5.7
"2008-01-18-12:00" 8 280 3 1016.2 79 -4.8
"2008-01-19-12:00" 8 180 2 1012.1 84 -4.7
"2008-01-20-12:00" 9 170 3 999.9 68 -7.4
"2008-01-21-12:00" 9 230 3 994 83 -1
"2008-01-22-12:00" 10 130 5 980.7 91 -5.6
"2008-01-23-12:00" 8 200 1 989.8 85 -1.6
"2008-01-24-12:00" 10 330 3 998.4 86 -7.5
"2008-01-25-12:00" 3 140 3 992.4 78 -11.4
"2008-01-26-12:00" 8 160 3 976 85 -1
"2008-01-27-12:00" 10 190 2 970 86 0.5
"2008-01-28-12:00" 10 40 3 980.4 94 -1.8
"2008-01-29-12:00" 9 340 2 995.9 85 -3.9
"2008-01-30-12:00" 6 190 2 999.3 84 -4.6
"2008-01-31-12:00" 10 190 2 995.5 86 -4.8
"2008-02-01-12:00" 10 220 2 996.6 81 -3.7
"2008-02-02-12:00" 9 170 5 999.4 77 -0.7
"2008-02-03-12:00" 10 210 2 992.3 92 0.1
"2008-02-04-12:00" 10 240 2 999.2 90 -1
"2008-02-05-12:00" 10 130 1 1008.9 87 -2.9
"2008-02-06-12:00" 10 230 1 1008.7 86 -5.1
"2008-02-07-12:00" 10 130 4 1014.9 85 -4.3
"2008-02-08-12:00" 10 160 3 1020.3 82 -4.2
"2008-02-09-12:00" 10 230 2 1021.9 82 -4.1
"2008-02-10-12:00" 8 340 3 1016.4 78 -0.1
"2008-02-11-12:00" 8 340 2 1016.4 75 -1.8
"2008-02-12-12:00" 10 300 2 1015 94 -0.1
"2008-02-13-12:00" 10 220 2 1004 87 -0.2
"2008-02-14-12:00" 10 250 2 985.1 63 -3
"2008-02-15-12:00" 3 280 1 987 74 -5.7
"2008-02-16-12:00" 9 340 6 994.4 72 -8.4
"2008-02-17-12:00" 8 250 2 999.2 67 -15.9
"2008-02-18-12:00" 9 180 2 983.4 76 -9.6
"2008-02-19-12:00" 8 180 2 983.1 73 -3.4
"2008-02-20-12:00" 6 330 2 984.9 76 -6.2
"2008-02-21-12:00" 3 280 2 992.6 65 -6.6
"2008-02-22-12:00" 10 190 2 983.6 87 -3.4
"2008-02-23-12:00" 10 200 6 960.5 86 3.2
"2008-02-24-12:00" 4 310 4 982.5 45 -3.4
"2008-02-25-12:00" 10 230 2 975.8 92 1.6
"2008-02-26-12:00" 6 280 4 975.6 79 1.3
"2008-02-27-12:00" 8 180 2 982.9 74 3
"2008-02-28-12:00" 10 210 3 976.5 90 3.5
"2008-02-29-12:00" 4 270 4 976.8 64 1.8